1   2   3   4   
5   6   7   8   
9   10  11  12  
13  14  15  0   


1   2   3   4   
5   6   7   8   
9   10  11  0   
13  14  15  12  


1   2   3   4   
5   6   7   8   
9   10  0   11  
13  14  15  12  


1   2   3   4   
5   6   7   8   
9   0   10  11  
13  14  15  12  


1   2   3   4   
5   0   7   8   
9   6   10  11  
13  14  15  12  


1   2   3   4   
5   7   0   8   
9   6   10  11  
13  14  15  12  


1   2   3   4   
5   7   10  8   
9   6   0   11  
13  14  15  12  


1   2   3   4   
5   7   10  8   
9   0   6   11  
13  14  15  12  


1   2   3   4   
5   7   10  8   
0   9   6   11  
13  14  15  12  


1   2   3   4   
0   7   10  8   
5   9   6   11  
13  14  15  12  


1   2   3   4   
7   0   10  8   
5   9   6   11  
13  14  15  12  


1   2   3   4   
7   9   10  8   
5   0   6   11  
13  14  15  12  


1   2   3   4   
7   9   10  8   
5   6   0   11  
13  14  15  12  


1   2   3   4   
7   9   0   8   
5   6   10  11  
13  14  15  12  


1   2   3   4   
7   9   8   0   
5   6   10  11  
13  14  15  12  


1   2   3   0   
7   9   8   4   
5   6   10  11  
13  14  15  12  


1   2   0   3   
7   9   8   4   
5   6   10  11  
13  14  15  12  


1   2   8   3   
7   9   0   4   
5   6   10  11  
13  14  15  12  


1   2   8   3   
7   9   10  4   
5   6   0   11  
13  14  15  12  


1   2   8   3   
7   9   10  4   
5   6   11  0   
13  14  15  12  


1   2   8   3   
7   9   10  0   
5   6   11  4   
13  14  15  12  


1   2   8   3   
7   9   0   10  
5   6   11  4   
13  14  15  12  


1   2   8   3   
7   0   9   10  
5   6   11  4   
13  14  15  12  


1   2   8   3   
7   6   9   10  
5   0   11  4   
13  14  15  12  


1   2   8   3   
7   6   9   10  
5   14  11  4   
13  0   15  12  


1   2   8   3   
7   6   9   10  
5   14  11  4   
0   13  15  12  


1   2   8   3   
7   6   9   10  
0   14  11  4   
5   13  15  12  


1   2   8   3   
0   6   9   10  
7   14  11  4   
5   13  15  12  


0   2   8   3   
1   6   9   10  
7   14  11  4   
5   13  15  12  


2   0   8   3   
1   6   9   10  
7   14  11  4   
5   13  15  12  


2   6   8   3   
1   0   9   10  
7   14  11  4   
5   13  15  12  


2   6   8   3   
1   9   0   10  
7   14  11  4   
5   13  15  12  


2   6   8   3   
1   9   11  10  
7   14  0   4   
5   13  15  12  


2   6   8   3   
1   9   11  10  
7   14  15  4   
5   13  0   12  


2   6   8   3   
1   9   11  10  
7   14  15  4   
5   13  12  0   


2   6   8   3   
1   9   11  10  
7   14  15  0   
5   13  12  4   


2   6   8   3   
1   9   11  0   
7   14  15  10  
5   13  12  4   


2   6   8   3   
1   9   0   11  
7   14  15  10  
5   13  12  4   


2   6   8   3   
1   0   9   11  
7   14  15  10  
5   13  12  4   


2   6   8   3   
1   14  9   11  
7   0   15  10  
5   13  12  4   


2   6   8   3   
1   14  9   11  
7   15  0   10  
5   13  12  4   


2   6   8   3   
1   14  9   11  
7   15  12  10  
5   13  0   4   


2   6   8   3   
1   14  9   11  
7   15  12  10  
5   0   13  4   


2   6   8   3   
1   14  9   11  
7   0   12  10  
5   15  13  4   


2   6   8   3   
1   14  9   11  
7   12  0   10  
5   15  13  4   


2   6   8   3   
1   14  9   11  
7   12  13  10  
5   15  0   4   


2   6   8   3   
1   14  9   11  
7   12  13  10  
5   15  4   0   


2   6   8   3   
1   14  9   11  
7   12  13  0   
5   15  4   10  

EXAMPLE-3
47 movements!

real	29m45.647s
user	29m32.248s
sys	0m0.388s

