1   2   3   4   
5   6   7   8   
9   10  11  12  
13  14  15  0   


1   2   3   4   
5   6   7   8   
9   10  11  0   
13  14  15  12  


1   2   3   4   
5   6   7   8   
9   10  0   11  
13  14  15  12  


1   2   3   4   
5   6   0   8   
9   10  7   11  
13  14  15  12  


1   2   3   4   
5   6   8   0   
9   10  7   11  
13  14  15  12  


1   2   3   4   
5   6   8   11  
9   10  7   0   
13  14  15  12  


1   2   3   4   
5   6   8   11  
9   10  7   12  
13  14  15  0   


1   2   3   4   
5   6   8   11  
9   10  7   12  
13  14  0   15  


1   2   3   4   
5   6   8   11  
9   10  0   12  
13  14  7   15  


1   2   3   4   
5   6   8   11  
9   10  12  0   
13  14  7   15  


1   2   3   4   
5   6   8   0   
9   10  12  11  
13  14  7   15  


1   2   3   4   
5   6   0   8   
9   10  12  11  
13  14  7   15  


1   2   0   4   
5   6   3   8   
9   10  12  11  
13  14  7   15  


1   0   2   4   
5   6   3   8   
9   10  12  11  
13  14  7   15  


1   6   2   4   
5   0   3   8   
9   10  12  11  
13  14  7   15  


1   6   2   4   
0   5   3   8   
9   10  12  11  
13  14  7   15  


0   6   2   4   
1   5   3   8   
9   10  12  11  
13  14  7   15  


6   0   2   4   
1   5   3   8   
9   10  12  11  
13  14  7   15  


6   2   0   4   
1   5   3   8   
9   10  12  11  
13  14  7   15  


6   2   3   4   
1   5   0   8   
9   10  12  11  
13  14  7   15  


6   2   3   4   
1   0   5   8   
9   10  12  11  
13  14  7   15  


6   0   3   4   
1   2   5   8   
9   10  12  11  
13  14  7   15  


6   3   0   4   
1   2   5   8   
9   10  12  11  
13  14  7   15  


6   3   5   4   
1   2   0   8   
9   10  12  11  
13  14  7   15  


6   3   5   4   
1   2   12  8   
9   10  0   11  
13  14  7   15  


6   3   5   4   
1   2   12  8   
9   0   10  11  
13  14  7   15  


6   3   5   4   
1   0   12  8   
9   2   10  11  
13  14  7   15  


6   3   5   4   
1   12  0   8   
9   2   10  11  
13  14  7   15  


6   3   5   4   
1   12  10  8   
9   2   0   11  
13  14  7   15  


6   3   5   4   
1   12  10  8   
9   2   7   11  
13  14  0   15  


6   3   5   4   
1   12  10  8   
9   2   7   11  
13  0   14  15  


6   3   5   4   
1   12  10  8   
9   0   7   11  
13  2   14  15  


6   3   5   4   
1   0   10  8   
9   12  7   11  
13  2   14  15  


6   3   5   4   
0   1   10  8   
9   12  7   11  
13  2   14  15  


6   3   5   4   
9   1   10  8   
0   12  7   11  
13  2   14  15  


6   3   5   4   
9   1   10  8   
13  12  7   11  
0   2   14  15  


6   3   5   4   
9   1   10  8   
13  12  7   11  
2   0   14  15  


6   3   5   4   
9   1   10  8   
13  0   7   11  
2   12  14  15  


6   3   5   4   
9   1   10  8   
13  7   0   11  
2   12  14  15  


6   3   5   4   
9   1   0   8   
13  7   10  11  
2   12  14  15  


6   3   5   4   
9   0   1   8   
13  7   10  11  
2   12  14  15  


6   3   5   4   
0   9   1   8   
13  7   10  11  
2   12  14  15  


6   3   5   4   
13  9   1   8   
0   7   10  11  
2   12  14  15  


6   3   5   4   
13  9   1   8   
7   0   10  11  
2   12  14  15  


6   3   5   4   
13  9   1   8   
7   10  0   11  
2   12  14  15  


6   3   5   4   
13  9   0   8   
7   10  1   11  
2   12  14  15  


6   3   5   4   
13  9   8   0   
7   10  1   11  
2   12  14  15  


6   3   5   0   
13  9   8   4   
7   10  1   11  
2   12  14  15  


6   3   0   5   
13  9   8   4   
7   10  1   11  
2   12  14  15  


6   0   3   5   
13  9   8   4   
7   10  1   11  
2   12  14  15  


6   9   3   5   
13  0   8   4   
7   10  1   11  
2   12  14  15  


6   9   3   5   
13  8   0   4   
7   10  1   11  
2   12  14  15  


6   9   0   5   
13  8   3   4   
7   10  1   11  
2   12  14  15  


6   9   5   0   
13  8   3   4   
7   10  1   11  
2   12  14  15  

EXAMPLE-4
Heuristica 4 - (h1 + h2 + h3)
53 movements!

real	54m7.429s
user	53m39.808s
sys	0m0.756s
