EXAMPLE 4 
HEURISTICA 4 

1   2   3   4   
5   6   7   8   
9   10  11  12  
13  14  15  0   


1   2   3   4   
5   6   7   8   
9   10  11  12  
13  14  0   15  


1   2   3   4   
5   6   7   8   
9   10  11  12  
13  0   14  15  


1   2   3   4   
5   6   7   8   
9   0   11  12  
13  10  14  15  


1   2   3   4   
5   6   7   8   
9   11  0   12  
13  10  14  15  


1   2   3   4   
5   6   7   8   
9   11  12  0   
13  10  14  15  


1   2   3   4   
5   6   7   8   
9   11  12  15  
13  10  14  0   


1   2   3   4   
5   6   7   8   
9   11  12  15  
13  10  0   14  


1   2   3   4   
5   6   7   8   
9   11  0   15  
13  10  12  14  


1   2   3   4   
5   6   7   8   
9   0   11  15  
13  10  12  14  


1   2   3   4   
5   6   7   8   
9   10  11  15  
13  0   12  14  


1   2   3   4   
5   6   7   8   
9   10  11  15  
13  12  0   14  


1   2   3   4   
5   6   7   8   
9   10  11  15  
13  12  14  0   


1   2   3   4   
5   6   7   8   
9   10  11  0   
13  12  14  15  


1   2   3   4   
5   6   7   8   
9   10  0   11  
13  12  14  15  


1   2   3   4   
5   6   7   8   
9   0   10  11  
13  12  14  15  


1   2   3   4   
5   6   7   8   
0   9   10  11  
13  12  14  15  


1   2   3   4   
0   6   7   8   
5   9   10  11  
13  12  14  15  


1   2   3   4   
6   0   7   8   
5   9   10  11  
13  12  14  15  


1   0   3   4   
6   2   7   8   
5   9   10  11  
13  12  14  15  


0   1   3   4   
6   2   7   8   
5   9   10  11  
13  12  14  15  


6   1   3   4   
0   2   7   8   
5   9   10  11  
13  12  14  15  


6   1   3   4   
5   2   7   8   
0   9   10  11  
13  12  14  15  


6   1   3   4   
5   2   7   8   
13  9   10  11  
0   12  14  15  


6   1   3   4   
5   2   7   8   
13  9   10  11  
12  0   14  15  


6   1   3   4   
5   2   7   8   
13  9   10  11  
12  14  0   15  


6   1   3   4   
5   2   7   8   
13  9   0   11  
12  14  10  15  


6   1   3   4   
5   2   7   8   
13  0   9   11  
12  14  10  15  


6   1   3   4   
5   0   7   8   
13  2   9   11  
12  14  10  15  


6   1   3   4   
0   5   7   8   
13  2   9   11  
12  14  10  15  


6   1   3   4   
13  5   7   8   
0   2   9   11  
12  14  10  15  


6   1   3   4   
13  5   7   8   
2   0   9   11  
12  14  10  15  


6   1   3   4   
13  5   7   8   
2   9   0   11  
12  14  10  15  


6   1   3   4   
13  5   0   8   
2   9   7   11  
12  14  10  15  


6   1   3   4   
13  0   5   8   
2   9   7   11  
12  14  10  15  


6   0   3   4   
13  1   5   8   
2   9   7   11  
12  14  10  15  


6   3   0   4   
13  1   5   8   
2   9   7   11  
12  14  10  15  


6   3   5   4   
13  1   0   8   
2   9   7   11  
12  14  10  15  


6   3   5   4   
13  0   1   8   
2   9   7   11  
12  14  10  15  


6   3   5   4   
13  9   1   8   
2   0   7   11  
12  14  10  15  


6   3   5   4   
13  9   1   8   
2   7   0   11  
12  14  10  15  


6   3   5   4   
13  9   1   8   
2   7   10  11  
12  14  0   15  


6   3   5   4   
13  9   1   8   
2   7   10  11  
12  0   14  15  


6   3   5   4   
13  9   1   8   
2   7   10  11  
0   12  14  15  


6   3   5   4   
13  9   1   8   
0   7   10  11  
2   12  14  15  


6   3   5   4   
13  9   1   8   
7   0   10  11  
2   12  14  15  


6   3   5   4   
13  9   1   8   
7   10  0   11  
2   12  14  15  


6   3   5   4   
13  9   0   8   
7   10  1   11  
2   12  14  15  


6   3   5   4   
13  9   8   0   
7   10  1   11  
2   12  14  15  


6   3   5   0   
13  9   8   4   
7   10  1   11  
2   12  14  15  


6   3   0   5   
13  9   8   4   
7   10  1   11  
2   12  14  15  


6   0   3   5   
13  9   8   4   
7   10  1   11  
2   12  14  15  


6   9   3   5   
13  0   8   4   
7   10  1   11  
2   12  14  15  


6   9   3   5   
13  8   0   4   
7   10  1   11  
2   12  14  15  


6   9   0   5   
13  8   3   4   
7   10  1   11  
2   12  14  15  


6   9   5   0   
13  8   3   4   
7   10  1   11  
2   12  14  15  

55 movements!

real	8m40.799s
user	8m39.013s
sys	0m1.641s
