EXAMPLE 7
HEURISTICA 4 

1   2   3   4   
5   6   7   8   
9   10  11  12  
13  14  15  0   


1   2   3   4   
5   6   7   8   
9   10  11  12  
13  14  0   15  


1   2   3   4   
5   6   7   8   
9   10  0   12  
13  14  11  15  


1   2   3   4   
5   6   0   8   
9   10  7   12  
13  14  11  15  


1   2   3   4   
5   6   8   0   
9   10  7   12  
13  14  11  15  


1   2   3   4   
5   6   8   12  
9   10  7   0   
13  14  11  15  


1   2   3   4   
5   6   8   12  
9   10  7   15  
13  14  11  0   


1   2   3   4   
5   6   8   12  
9   10  7   15  
13  14  0   11  


1   2   3   4   
5   6   8   12  
9   10  0   15  
13  14  7   11  


1   2   3   4   
5   6   8   12  
9   10  15  0   
13  14  7   11  


1   2   3   4   
5   6   8   0   
9   10  15  12  
13  14  7   11  


1   2   3   4   
5   6   0   8   
9   10  15  12  
13  14  7   11  


1   2   3   4   
5   6   15  8   
9   10  0   12  
13  14  7   11  


1   2   3   4   
5   6   15  8   
9   0   10  12  
13  14  7   11  


1   2   3   4   
5   6   15  8   
0   9   10  12  
13  14  7   11  


1   2   3   4   
0   6   15  8   
5   9   10  12  
13  14  7   11  


1   2   3   4   
6   0   15  8   
5   9   10  12  
13  14  7   11  


1   2   3   4   
6   15  0   8   
5   9   10  12  
13  14  7   11  


1   2   0   4   
6   15  3   8   
5   9   10  12  
13  14  7   11  


1   0   2   4   
6   15  3   8   
5   9   10  12  
13  14  7   11  


0   1   2   4   
6   15  3   8   
5   9   10  12  
13  14  7   11  


6   1   2   4   
0   15  3   8   
5   9   10  12  
13  14  7   11  


6   1   2   4   
5   15  3   8   
0   9   10  12  
13  14  7   11  


6   1   2   4   
5   15  3   8   
13  9   10  12  
0   14  7   11  


6   1   2   4   
5   15  3   8   
13  9   10  12  
14  0   7   11  


6   1   2   4   
5   15  3   8   
13  9   10  12  
14  7   0   11  


6   1   2   4   
5   15  3   8   
13  9   0   12  
14  7   10  11  


6   1   2   4   
5   15  0   8   
13  9   3   12  
14  7   10  11  


6   1   0   4   
5   15  2   8   
13  9   3   12  
14  7   10  11  


6   0   1   4   
5   15  2   8   
13  9   3   12  
14  7   10  11  


6   15  1   4   
5   0   2   8   
13  9   3   12  
14  7   10  11  


6   15  1   4   
5   9   2   8   
13  0   3   12  
14  7   10  11  


6   15  1   4   
5   9   2   8   
0   13  3   12  
14  7   10  11  


6   15  1   4   
5   9   2   8   
14  13  3   12  
0   7   10  11  


6   15  1   4   
5   9   2   8   
14  13  3   12  
7   0   10  11  


6   15  1   4   
5   9   2   8   
14  13  3   12  
7   10  0   11  


6   15  1   4   
5   9   2   8   
14  13  0   12  
7   10  3   11  


6   15  1   4   
5   9   0   8   
14  13  2   12  
7   10  3   11  


6   15  1   4   
5   9   8   0   
14  13  2   12  
7   10  3   11  


6   15  1   0   
5   9   8   4   
14  13  2   12  
7   10  3   11  


6   15  0   1   
5   9   8   4   
14  13  2   12  
7   10  3   11  


6   0   15  1   
5   9   8   4   
14  13  2   12  
7   10  3   11  


6   9   15  1   
5   0   8   4   
14  13  2   12  
7   10  3   11  


6   9   15  1   
5   13  8   4   
14  0   2   12  
7   10  3   11  


6   9   15  1   
5   13  8   4   
14  2   0   12  
7   10  3   11  


6   9   15  1   
5   13  0   4   
14  2   8   12  
7   10  3   11  


6   9   15  1   
5   0   13  4   
14  2   8   12  
7   10  3   11  


6   9   15  1   
0   5   13  4   
14  2   8   12  
7   10  3   11  


6   9   15  1   
14  5   13  4   
0   2   8   12  
7   10  3   11  


6   9   15  1   
14  5   13  4   
7   2   8   12  
0   10  3   11  


6   9   15  1   
14  5   13  4   
7   2   8   12  
10  0   3   11  


6   9   15  1   
14  5   13  4   
7   2   8   12  
10  3   0   11  


6   9   15  1   
14  5   13  4   
7   2   0   12  
10  3   8   11  


6   9   15  1   
14  5   0   4   
7   2   13  12  
10  3   8   11  

53 movements!

real	48m1.964s
user	47m50.664s
sys	0m9.858s

